((("link" .
   [1 0 0 0])
  ("div" .
   [1 0 0])
  ("the" .
   [1 0 0])
  ("graph" .
   [1 0 0 0 0])
  ("console" .
   [1 0 0 0 0 0 0])
  ("bar-graph" .
   [1 0 0 0 0 0 0 0 0])
  ("selectAll" .
   [2 0 0 0 0 0 0 0 0])
  ("graph_created" .
   [0 0 0 0 0 0 1 1 0 0 0 0 0])
  ("class" .
   [2 0 0 0 0])
  ("update_vector" .
   [1 0 0 0 0 0 0 0 0 0 1 0 0])
  ("return" .
   [5 0 0 0 0 0])
  ("function" .
   [6 0 0 0 0 0 0 0])
  ("height" .
   [2 0 0 0 0 0])
  ("width" .
   [1 0 0 0 0])
  ("rect" .
   [4 0 0 0])
  ("enter" .
   [3 0 0 0 0])
  ("data" .
   [4 0 0 0])
  ("newNumber" .
   [1 0 0 0 0 0 0 0 0])
  ("bardata" .
   [10 0 0 0 0 0 1])
  ("csv" .
   [1 0 0])
  ("js" .
   [1 0])
  ("src" .
   [1 0 0])
  ("html" .
   [1 0 0 0])
  ("href" .
   [1 0 0 1])
  ("simple" .
   [2 0 0 0 0 0])
  ("attr" .
   [10 0 0 0])
  ("svg" .
   [5 0 0])
  ("append" .
   [4 0 0 0 0 0])
  ("body" .
   [1 0 0 0])
  ("select" .
   [1 0 0 0 0 2])
  ("var" .
   [6 0 0])
  ("ve" .
   [1 0])
  ("d3" .
   [3 0])
  ("javascript" .
   [0 0 1 0 0 0 0 0 0 0])
  ("text" .
   [0 0 1 0])
  ("type" .
   [1 0 0 0])
  ("script" .
   [2 0 0 0 0 0])
  ("head" .
   [1 0 0 0])))
